"","Qst","Fst","Qst_Fst","Qst_Fst_abs","cwd_Diff","ppt_mm_Diff","pck_Diff","snw_Diff","tmin_Diff","tmax_Diff","latitude_Diff","longitude_Diff","PC1_Diff","PC2_Diff"
"Qst",1,0.00512809002625646,0.714337913569044,0.424052383902881,0.0465257163845877,0.00238566592691292,0.0126006618002151,0.0014614059985543,0.0439741395897623,0.0227771297806321,0.0228129025957893,0.00703289883715335,0.00379925984717615,0.00325452408032335
"Fst",0.00512809002625646,1,0.352391546692171,0.231388990825544,0.201737468947045,0.339236993527022,0.235924549030523,0.297271161795381,0.193350619168757,0.154476453369454,0.296019859526729,0.232781075341449,0.290998431405642,0.101501629482163
"Qst_Fst",0.714337913569044,0.352391546692171,1,0.613323744682793,0.171980911102206,0.0743614850764055,0.02880020518039,0.0682859394011879,0.163871552321699,0.110471431481717,0.028792271203777,0.0364321633699266,0.114778971409174,0.0469785518598591
"Qst_Fst_abs",0.424052383902881,0.231388990825544,0.613323744682793,1,0.146936415792027,0.0467797991640109,0.00913849557880555,0.024742334180964,0.0484067385107375,0.0242936130073335,0.0444868810130009,0.0402457511581519,0.0544157152190104,0.00407019425588049
"cwd_Diff",0.0465257163845877,0.201737468947045,0.171980911102206,0.146936415792027,1,0.306012320784605,0.242738012656237,0.362033924082724,0.579384613557938,0.412087411313098,0.0581222139050222,0.00066361099604963,0.570485516006878,0.0608050233318815
"ppt_mm_Diff",0.00238566592691292,0.339236993527022,0.0743614850764055,0.0467797991640109,0.306012320784605,1,0.843955509155797,0.813694756475018,0.194830993189817,0.16817906858682,0.284756360647722,0.0746410313047975,0.726906395810439,0.293511105159254
"pck_Diff",0.0126006618002151,0.235924549030523,0.02880020518039,0.00913849557880555,0.242738012656237,0.843955509155797,1,0.953302767700483,0.320086321929311,0.301934356927275,0.138956186034571,0.0305677728822542,0.825713878836298,0.344212243634072
"snw_Diff",0.0014614059985543,0.297271161795381,0.0682859394011879,0.024742334180964,0.362033924082724,0.813694756475018,0.953302767700483,1,0.496452798349903,0.470458559033662,0.132994205653858,0.0275530378454529,0.937566183081462,0.338978681691289
"tmin_Diff",0.0439741395897623,0.193350619168757,0.163871552321699,0.0484067385107375,0.579384613557938,0.194830993189817,0.320086321929311,0.496452798349903,1,0.885802194382252,0.0112993639417257,3.47470371827036e-07,0.671181781665889,0.109911405807336
"tmax_Diff",0.0227771297806321,0.154476453369454,0.110471431481717,0.0242936130073335,0.412087411313098,0.16817906858682,0.301934356927275,0.470458559033662,0.885802194382252,1,0.00915358074531448,0.000812356291295466,0.596393259932861,0.0836947642364487
"latitude_Diff",0.0228129025957893,0.296019859526729,0.028792271203777,0.0444868810130009,0.0581222139050222,0.284756360647722,0.138956186034571,0.132994205653858,0.0112993639417257,0.00915358074531448,1,0.74488724566896,0.113978243233961,0.112305292881831
"longitude_Diff",0.00703289883715335,0.232781075341449,0.0364321633699266,0.0402457511581519,0.00066361099604963,0.0746410313047975,0.0305677728822542,0.0275530378454529,3.47470371827036e-07,0.000812356291295466,0.74488724566896,1,0.0139419990356225,0.202001966213761
"PC1_Diff",0.00379925984717615,0.290998431405642,0.114778971409174,0.0544157152190104,0.570485516006878,0.726906395810439,0.825713878836298,0.937566183081462,0.671181781665889,0.596393259932861,0.113978243233961,0.0139419990356225,1,0.274054307616247
"PC2_Diff",0.00325452408032335,0.101501629482163,0.0469785518598591,0.00407019425588049,0.0608050233318815,0.293511105159254,0.344212243634072,0.338978681691289,0.109911405807336,0.0836947642364487,0.112305292881831,0.202001966213761,0.274054307616247,1
